0 0.175278 0.044583 0.043889 0.040833
0 0.079444 0.220833 0.025556 0.045
0 0.1 0.2525 0.03 0.031667
1 0.395 0.188333 0.036667 0.075
0 0.422222 0.24375 0.014444 0.0225
1 0.381389 0.269583 0.048333 0.070833
0 0.728333 0.1575 0.046667 0.066667
0 0.755 0.026667 0.034444 0.051667
1 0.9475 0.069167 0.027222 0.033333
0 0.825278 0.2925 0.033889 0.038333
1 0.318611 0.297083 0.052778 0.065833
0 0.048333 0.43625 0.024444 0.059167
1 0.268056 0.658333 0.037222 0.043333
1 0.190278 0.731667 0.039444 0.081667
0 0.178889 0.809167 0.034444 0.04
1 0.225833 0.776667 0.040556 0.06
0 0.181111 0.890417 0.044444 0.059167
1 0.190278 0.924583 0.022778 0.030833
1 0.271667 0.977917 0.033333 0.044167
1 0.260556 0.785417 0.021111 0.029167
1 0.308889 0.5325 0.031111 0.058333
