0 0.306389 0.294167 0.031667 0.043333
0 0.319167 0.382083 0.031667 0.0525
0 0.365278 0.41 0.025 0.053333
0 0.408333 0.308333 0.035556 0.058333
0 0.476667 0.365417 0.024444 0.059167
0 0.441944 0.47875 0.029444 0.050833
0 0.472778 0.51125 0.024444 0.0625
0 0.504722 0.53125 0.029444 0.050833
0 0.621944 0.636667 0.023889 0.053333
0 0.691944 0.554583 0.026111 0.050833
0 0.252222 0.824583 0.016667 0.0275
0 0.241667 0.878333 0.04 0.05
0 0.307222 0.898333 0.034444 0.056667
0 0.37 0.960833 0.034444 0.055
0 0.41 0.9775 0.024444 0.045
0 0.602778 0.075417 0.044444 0.0275
0 0.642778 0.122917 0.036667 0.025833
0 0.693333 0.162083 0.045556 0.035833
0 0.648611 0.02125 0.020556 0.040833
0 0.693056 0.049583 0.019444 0.065833
1 0.721111 0.19875 0.035556 0.050833
1 0.760556 0.217083 0.033333 0.049167
1 0.806944 0.27 0.039444 0.033333
1 0.825833 0.2875 0.028333 0.028333
0 0.781389 0.109583 0.016111 0.040833
1 0.798056 0.134583 0.010556 0.0525
1 0.878611 0.113333 0.041667 0.076667
1 0.901111 0.3 0.037778 0.058333
0 0.934444 0.225 0.025556 0.058333
0 0.927778 0.386667 0.045556 0.045
1 0.961944 0.417917 0.009444 0.055833
1 0.985278 0.425833 0.009444 0.058333
