0 0.016667 0.025833 0.031111 0.031667
1 0.026111 0.121667 0.045556 0.048333
0 0.295833 0.1425 0.040556 0.04
0 0.330278 0.105417 0.040556 0.075833
1 0.296667 0.190417 0.034444 0.0375
1 0.390556 0.145833 0.054444 0.045
0 0.433056 0.07625 0.049444 0.049167
1 0.598056 0.0275 0.050556 0.053333
1 0.594444 0.170833 0.056667 0.08
0 0.467778 0.313333 0.038889 0.043333
1 0.373333 0.265833 0.036667 0.058333
0 0.347222 0.329583 0.014444 0.0375
0 0.316944 0.298333 0.021667 0.048333
0 0.313889 0.245833 0.03 0.053333
0 0.325833 0.367083 0.029444 0.034167
0 0.296111 0.47125 0.045556 0.0525
0 0.314722 0.550417 0.025 0.0575
1 0.413889 0.45 0.016667 0.04
0 0.436944 0.555417 0.051667 0.054167
0 0.4825 0.553333 0.037222 0.051667
0 0.569722 0.6025 0.040556 0.058333
1 0.610833 0.607083 0.045 0.059167
0 0.531389 0.580833 0.035 0.046667
1 0.515278 0.637083 0.047222 0.049167
0 0.469722 0.62 0.026111 0.053333
1 0.434722 0.605833 0.020556 0.036667
0 0.358611 0.650417 0.032778 0.0675
0 0.438333 0.694167 0.027778 0.056667
0 0.273611 0.705 0.039444 0.055
1 0.318889 0.722917 0.023333 0.040833
0 0.263056 0.786667 0.030556 0.028333
0 0.454167 0.782917 0.021667 0.059167
1 0.426944 0.87625 0.035 0.0625
1 0.398333 0.849583 0.028889 0.055833
1 0.243056 0.891667 0.038333 0.053333
1 0.258889 0.975417 0.023333 0.0325
0 0.311389 0.930417 0.031667 0.045833
1 0.330833 0.977917 0.015 0.0425
1 0.276111 0.936667 0.02 0.018333
0 0.559167 0.949583 0.032778 0.0375
0 0.583056 0.858333 0.040556 0.056667
0 0.7375 0.986667 0.059444 0.026667
0 0.839444 0.984583 0.036667 0.030833
1 0.9775 0.601667 0.036111 0.051667
1 0.8375 0.700833 0.027222 0.033333
0 0.770833 0.66625 0.047222 0.055833
1 0.681667 0.7275 0.056667 0.053333
1 0.718056 0.647917 0.053889 0.0575
0 0.582778 0.764167 0.045556 0.045
1 0.706667 0.53375 0.035556 0.0625
1 0.264722 0.519583 0.028333 0.034167
1 0.271667 0.493333 0.042222 0.041667
1 0.394722 0.356667 0.032778 0.028333
1 0.391111 0.14625 0.058889 0.050833
1 0.337778 0.180833 0.027778 0.053333
1 0.476944 0.365417 0.037222 0.040833
