0 0.061944 0.0125 0.019444 0.023333
0 0.139444 0.0425 0.021111 0.033333
0 0.140278 0.1825 0.029444 0.03
0 0.068333 0.187083 0.02 0.030833
0 0.063333 0.287083 0.018889 0.034167
0 0.036944 0.32625 0.012778 0.020833
0 0.087222 0.297083 0.017778 0.050833
0 0.093333 0.34125 0.021111 0.035833
0 0.193889 0.362917 0.015556 0.029167
0 0.264444 0.25375 0.027778 0.040833
0 0.208889 0.25875 0.026667 0.029167
0 0.266667 0.347917 0.031111 0.0325
1 0.139444 0.264167 0.026667 0.038333
0 0.268611 0.395417 0.029444 0.039167
0 0.201667 0.037083 0.03 0.044167
0 0.335278 0.28875 0.031667 0.0375
