0 0.022222 0.22375 0.024444 0.054167
0 0.162222 0.014583 0.026667 0.0275
1 0.135556 0.01125 0.025556 0.020833
0 0.201389 0.155833 0.029444 0.038333
0 0.187222 0.285833 0.028889 0.046667
0 0.342778 0.095833 0.032222 0.046667
0 0.377778 0.205417 0.033333 0.050833
0 0.455 0.1725 0.042222 0.048333
0 0.520278 0.00875 0.032778 0.015833
0 0.590556 0.013333 0.035556 0.025
0 0.983611 0.307083 0.032778 0.055833
0 0.985556 0.352917 0.028889 0.044167
0 0.174722 0.54375 0.030556 0.045833
0 0.110278 0.419167 0.026111 0.053333
0 0.037222 0.745417 0.031111 0.0525
0 0.838056 0.614583 0.042778 0.034167
1 0.761667 0.711667 0.045556 0.04
0 0.948056 0.719583 0.036111 0.044167
0 0.5525 0.88375 0.037222 0.040833
