0 0.341389 0.135833 0.045 0.06
0 0.385556 0.02625 0.038889 0.050833
1 0.605278 0.327083 0.043889 0.050833
1 0.740278 0.039583 0.045 0.074167
1 0.718611 0.320833 0.029444 0.045
0 0.827778 0.157083 0.027778 0.0425
0 0.803056 0.1225 0.036111 0.05
1 0.916111 0.110417 0.036667 0.060833
1 0.820556 0.472083 0.043333 0.0575
1 0.781111 0.405417 0.03 0.0575
1 0.494722 0.445 0.047222 0.071667
1 0.2825 0.352917 0.042778 0.065833
1 0.9125 0.597917 0.042778 0.0575
0 0.958611 0.655417 0.041667 0.054167
1 0.986111 0.73875 0.027778 0.0575
