0 0.010556 0.0325 0.02 0.051667
0 0.030833 0.0325 0.026111 0.036667
0 0.027778 0.080833 0.023333 0.051667
0 0.058611 0.084583 0.027222 0.045833
0 0.089444 0.07 0.024444 0.06
0 0.1425 0.100417 0.061667 0.100833
0 0.1975 0.007083 0.018333 0.0125
0 0.215278 0.004583 0.027222 0.0075
0 0.229167 0.144167 0.027222 0.033333
0 0.008889 0.174583 0.016667 0.0325
0 0.053056 0.193333 0.042778 0.041667
0 0.160278 0.215417 0.020556 0.039167
1 0.087778 0.155833 0.022222 0.028333
0 0.201667 0.247917 0.044444 0.079167
1 0.497778 0.180417 0.168889 0.090833
0 0.442222 0.22625 0.048889 0.0625
1 0.446667 0.071667 0.045556 0.07
0 0.535833 0.276667 0.040556 0.045
0 0.755 0.17 0.058889 0.13
1 0.791111 0.268333 0.028889 0.025
1 0.814167 0.322083 0.035 0.070833
0 0.695556 0.44375 0.034444 0.070833
1 0.558889 0.43875 0.025556 0.0625
1 0.522222 0.40875 0.038889 0.075833
0 0.846111 0.633333 0.06 0.07
0 0.772222 0.575833 0.041111 0.045
1 0.725278 0.595 0.027222 0.048333
0 0.691111 0.553333 0.038889 0.055
0 0.604167 0.5375 0.041667 0.043333
1 0.528056 0.4825 0.041667 0.048333
0 0.371389 0.499167 0.031667 0.058333
1 0.374722 0.442917 0.028333 0.029167
1 0.360556 0.40375 0.014444 0.0325
0 0.084444 0.29125 0.052222 0.0525
1 0.139167 0.299167 0.035 0.038333
1 0.074167 0.3775 0.058333 0.053333
1 0.023056 0.36125 0.028333 0.045833
1 0.1875 0.564167 0.031667 0.063333
1 0.155278 0.560833 0.026111 0.033333
0 0.138056 0.572917 0.022778 0.0425
0 0.097222 0.615833 0.038889 0.055
1 0.171667 0.65375 0.04 0.054167
0 0.148889 0.73125 0.037778 0.040833
0 0.147222 0.762083 0.032222 0.029167
0 0.131111 0.849167 0.044444 0.051667
1 0.086667 0.825833 0.02 0.038333
0 0.034444 0.792917 0.027778 0.0625
0 0.043611 0.895 0.035 0.066667
1 0.109167 0.905833 0.033889 0.038333
0 0.085278 0.982083 0.028333 0.035833
0 0.771667 0.738333 0.058889 0.076667
1 0.942222 0.75375 0.045556 0.050833
1 0.391667 0.645 0.021111 0.036667
