1 0.168611 0.08 0.033889 0.04
1 0.1275 0.060833 0.042778 0.028333
1 0.123056 0.089167 0.031667 0.018333
1 0.186389 0.0225 0.027222 0.035
1 0.194722 0.060833 0.016111 0.03
1 0.013333 0.299167 0.025556 0.025
1 0.308333 0.2525 0.032222 0.046667
0 0.060278 0.8525 0.041667 0.058333
1 0.205278 0.795 0.022778 0.033333
0 0.241111 0.9025 0.026667 0.045
0 0.267222 0.862083 0.027778 0.044167
0 0.290556 0.82375 0.027778 0.054167
0 0.311389 0.779583 0.036111 0.0725
1 0.350556 0.73625 0.033333 0.059167
0 0.375278 0.6825 0.029444 0.048333
0 0.411667 0.657083 0.023333 0.035833
0 0.368056 0.86 0.049444 0.065
0 0.421667 0.534167 0.046667 0.088333
1 0.411667 0.476667 0.027778 0.05
1 0.388889 0.4325 0.025556 0.043333
0 0.281111 0.985833 0.033333 0.028333
0 0.478333 0.745417 0.041111 0.0925
0 0.4925 0.659583 0.042778 0.050833
1 0.488889 0.623333 0.024444 0.028333
1 0.460833 0.587083 0.025 0.040833
0 0.245556 0.462917 0.026667 0.035833
1 0.270556 0.42 0.047778 0.071667
0 0.321111 0.310833 0.022222 0.035
0 0.034722 0.219583 0.017222 0.0525
0 0.008333 0.332083 0.015556 0.0275
0 0.019444 0.380417 0.033333 0.054167
0 0.048056 0.41875 0.016111 0.049167
0 0.070556 0.39375 0.014444 0.050833
0 0.121111 0.349583 0.006667 0.0525
