0 0.011667 0.028333 0.022222 0.04
0 0.047778 0.036667 0.016667 0.04
0 0.032222 0.0875 0.023333 0.038333
0 0.010833 0.104583 0.011667 0.020833
1 0.119722 0.048333 0.025 0.026667
1 0.076944 0.037917 0.040556 0.034167
1 0.061111 0.099583 0.025556 0.034167
1 0.146944 0.232083 0.022778 0.0225
1 0.162778 0.10625 0.028889 0.039167
0 0.294444 0.200833 0.023333 0.036667
1 0.328056 0.0225 0.025 0.043333
1 0.392778 0.056667 0.018889 0.025
1 0.426111 0.3625 0.04 0.086667
1 0.306111 0.311667 0.03 0.051667
1 0.229167 0.313333 0.020556 0.026667
0 0.086111 0.329167 0.033333 0.048333
0 0.089444 0.262083 0.027778 0.049167
0 0.018056 0.30125 0.023889 0.064167
0 0.009167 0.377917 0.017222 0.049167
1 0.045833 0.40875 0.016111 0.020833
0 0.059722 0.479583 0.031667 0.049167
1 0.14 0.3625 0.036667 0.045
1 0.023611 0.515417 0.033889 0.0425
0 0.282222 0.508333 0.023333 0.065
1 0.266667 0.479583 0.014444 0.0175
1 0.280556 0.585 0.031111 0.061667
0 0.423889 0.480417 0.031111 0.065833
1 0.455556 0.5925 0.03 0.065
1 0.415 0.779167 0.022222 0.041667
0 0.2375 0.784167 0.032778 0.051667
1 0.191944 0.694167 0.037222 0.038333
0 0.086667 0.729167 0.03 0.045
1 0.031111 0.699167 0.061111 0.065
1 0.074444 0.824583 0.031111 0.045833
0 0.213056 0.885 0.035 0.058333
0 0.385 0.878333 0.026667 0.058333
0 0.416944 0.859167 0.027222 0.031667
