0 0.102222 0.0175 0.026667 0.028333
0 0.051111 0.3175 0.022222 0.036667
0 0.078889 0.48125 0.027778 0.0375
0 0.038056 0.562917 0.016111 0.030833
0 0.135278 0.691667 0.036111 0.038333
0 0.450556 0.020833 0.026667 0.04
0 0.474167 0.247917 0.039444 0.039167
0 0.466667 0.32875 0.017778 0.030833
1 0.409722 0.64625 0.016111 0.045833
1 0.718889 0.68625 0.042222 0.015833
1 0.706667 0.6625 0.013333 0.021667
1 0.805 0.678333 0.044444 0.061667
1 0.814167 0.7975 0.025 0.053333
1 0.837778 0.980833 0.072222 0.038333
0 0.746389 0.989167 0.032778 0.021667
1 0.698611 0.27875 0.038333 0.0225
0 0.714167 0.595417 0.042778 0.034167
0 0.624167 0.3575 0.035 0.025
