1 0.183611 0.151667 0.032778 0.061667
0 0.099167 0.11625 0.020556 0.070833
0 0.555 0.022083 0.023333 0.0425
0 0.677778 0.195417 0.028889 0.069167
0 0.848333 0.042917 0.043333 0.049167
1 0.818889 0.127917 0.034444 0.104167
0 0.935278 0.320833 0.031667 0.068333
0 0.481111 0.43 0.03 0.078333
0 0.542222 0.465 0.032222 0.096667
0 0.760833 0.435833 0.055 0.053333
0 0.839722 0.494583 0.033889 0.0775
0 0.8925 0.520833 0.037222 0.108333
0 0.928611 0.674583 0.033889 0.084167
1 0.700278 0.765833 0.030556 0.078333
1 0.439167 0.7275 0.063889 0.04
0 0.633333 0.967917 0.037778 0.039167
