1 0.548333 0.200417 0.082222 0.119167
1 0.623889 0.144167 0.078889 0.093333
1 0.582222 0.290417 0.095556 0.1125
1 0.659722 0.237917 0.083889 0.0975
1 0.617778 0.38625 0.096667 0.1175
1 0.702778 0.325833 0.096667 0.116667
1 0.777222 0.169167 0.103333 0.22
1 0.836389 0.117083 0.108333 0.2175
1 0.942222 0.138333 0.115556 0.273333
1 0.909444 0.296667 0.067778 0.126667
1 0.842222 0.357083 0.07 0.1275
1 0.778889 0.415833 0.068889 0.121667
1 0.711389 0.474167 0.068333 0.12
1 0.643333 0.516667 0.071111 0.148333
1 0.675556 0.63875 0.075556 0.124167
1 0.7225 0.719583 0.063889 0.1075
1 0.739167 0.58125 0.067222 0.1175
1 0.782778 0.66375 0.058889 0.105833
1 0.808056 0.523333 0.080556 0.118333
1 0.849167 0.610417 0.060556 0.1075
1 0.917778 0.550417 0.068889 0.119167
1 0.874167 0.471667 0.077222 0.121667
1 0.940278 0.410833 0.073889 0.126667
1 0.98 0.491667 0.04 0.113333
0 0.381667 0.77125 0.036667 0.0625
