0 0.164722 0.550833 0.022778 0.03
0 0.22 0.605417 0.026667 0.040833
0 0.154444 0.614583 0.028889 0.0275
0 0.159722 0.5825 0.023889 0.028333
0 0.2525 0.630833 0.028333 0.026667
0 0.334722 0.549583 0.026111 0.039167
0 0.318333 0.657083 0.027778 0.030833
0 0.143333 0.67875 0.023333 0.029167
0 0.133333 0.741667 0.025556 0.028333
0 0.128056 0.77375 0.026111 0.030833
0 0.121667 0.804167 0.023333 0.028333
0 0.066944 0.8575 0.026111 0.061667
0 0.094444 0.96125 0.024444 0.025833
0 0.298889 0.785833 0.025556 0.038333
0 0.200278 0.730417 0.026111 0.029167
0 0.239167 0.72875 0.026111 0.029167
0 0.278333 0.92125 0.027778 0.0375
0 0.204444 0.956667 0.024444 0.028333
0 0.208333 0.924583 0.023333 0.029167
0 0.079444 0.990833 0.016667 0.018333
