1 0.101944 0.061667 0.018333 0.028333
1 0.231111 0.029167 0.047778 0.053333
0 0.466389 0.178333 0.047222 0.063333
1 0.610556 0.047083 0.097778 0.0925
0 0.635556 0.166667 0.057778 0.071667
1 0.669722 0.265 0.052778 0.093333
0 0.754444 0.0575 0.04 0.048333
0 0.776111 0.015 0.071111 0.028333
1 0.868056 0.0475 0.052778 0.093333
1 0.575833 0.42875 0.070556 0.0925
1 0.487222 0.355833 0.028889 0.041667
1 0.459444 0.359583 0.024444 0.0275
1 0.608889 0.505 0.054444 0.071667
1 0.643889 0.598333 0.06 0.066667
0 0.585833 0.639167 0.067222 0.081667
1 0.793611 0.494583 0.086111 0.080833
1 0.826389 0.587917 0.087222 0.089167
1 0.857778 0.66125 0.071111 0.090833
1 0.919444 0.631667 0.031111 0.045
0 0.9325 0.839583 0.063889 0.1075
1 0.703056 0.900417 0.090556 0.1025
1 0.767778 0.974167 0.062222 0.051667
1 0.490833 0.255 0.049444 0.066667
